110010000011111110101001001001101010111011011011101001111110010000000001010001101100000010010110001111100010101100011110001011101000100011111111111010000010010101010111001000010100101100001101011101101011011001000110111111010000000110110000010101100100010000111000100111100110001110111101010011001011010
011011010011110111101111001001001010111110001101000100011101001011000110100001101011000000110110110100100110111101011101111000000101000111001100010110000100110001001000101011001001110111010001011110000001111100001010101001110011010101110001010101000110001011111001010111111100110000011011111101010011111
100011001110100101001011110011000101011000100111001011011010001101011110011011111010111110010100101000110111010110001110000111100100101110001011101010001100010111110111011011111100001000001100010110101100111001001111100100110000001101001110010000000111011110000011000010101000111000000110101101100100011
101011111001101001010011111110010111101000010000111110010100110101100001101111101010011000110101100000110001010110101101100001110000100010001001010100010110100100001000011100100000100001101010101001101000101101000000101111110001010101101011010101000111110110000110100000010011111111100110010101111000100
000100011000010001011111001010010001010110001010001010001110101010000100010011101001010101101101010111100101001111110000101100010111111100000100101010000001011101100001101011110010000010010110000100001010011111100011011000110010011110010100011101100101111101000001011100001011010001110011000101000101000
010010010110111000010101111001101100110011100100011100110011111000110011001111100001110110111001001000111111011000110001000110111011001011110010010010110101000011111011110011110110110011011001011010000100100101010110000010011010011110011100101010101111010001001001111101111101110011101000110001101010011
111101100100111010001010100010000001000110100110101010110010101000001000111110111111011110110000110010110100101000111011101001101011100111111011011000010011001110111111110110011110100001100010011001011000111001011110001000110100010110011110101011110101100011001001110001110111111101110011111000011011101
101011011100001001001101010000111111011011101010001011011011011010101111010001111010101100101001010000110100100011111010011100101010010001011010111100101110010000101010000100111100000011001100111101110011000011010011011011100101100111101010111101110111001111111010001010010000110110100000111000111010110
101111010010101111110101111010110100101001010100110101001011100010110000011011111000110010010010010111010110110110011000010110101010101011011110110110100100100111010010010101110101000100111001101011111011011110110011101000011000101011001101111000011100000010100101100000100010000011001001000100011011001
000101011110101011100011011101010101000110110011111011001010101011001101011101000100101111011011000001011010000111000110110110001001000010100010111111000110000101000110101011110011011101101011111101110011100111100111011111000100100011000011111100010010100000101101110011011000000111011010111101101110100
100111100101001010000101000110111110110101000101110011100000001011110111100111101011001100000011000011010000011100110000011110101101001110111010100110110011110000111111100101100011010000010101111011110110010100001101100110001110010101001100111101000110111001010001010101001110000110110111011101110001101
111111110000000110100100101100111101011101101100000100000110001101101101110110000101100101011110001111000101010011011010101011001010110001001011100101001100111011011000111000011100100100001001100101111110000110010000001001011101000111111000110111001101110011101101001010001110011101001111100110000101011
110001000111110011000011000000110100011001101110110011001010000101011110100110101101101100110001010001011101100110001011000001000010100010101000101010110000101100001010000100110001000010010111000101101111110101101001100010010111111000011111110000110110110101011001110011000010000111101000000100000110111
111010100110010010110101010101001110000000010010100100000001000011000110011001011101001111111100111011100111001000111000001010010000010000011111100110101110100111100000111111001110110110010000110100110111111111011000010000011010100010011000111101010001011000010110101110010000010000010001101001100001101
011000110100011110111100011101101101111111000101000010010000101101001010001001001111011000010110100010001100000000010111101111110101101100110111111000000110000011111111001111011100110110110111101111101001101101101111010101001100011011100101011100000100011000100010001010000011110110000011010011001001000
100010000101100111110011110100100000110000011000001000100001010111001010111111010110010010101100001010011110001010000100011101111101110010000111100001000000110100001100101100110001011110100011110110100100000110000100011010111001001000000111001101011100010001100010011001100001100010011010001101110011110
100101110010101101011101000111111011100000001101110101101000010100001010111101001010100110001101011101011011101110111100010110110000100011100010101001111110000111001000011011100010101111111111011001000011011111111111010111011011000101001001000000111001000000100100000000010101010010001100011010001111001
000110000111110000110011101100000001111111011000010000000111111111010000111010100010111110110111000010111010100011000110100111101110010111000111000001000101011011110100001110101000001101110100100111100000100100011011101011000101101000101110000100010101100011101000100001011101110111010001101100000111110
100011110001011111101111100100011011101101010101000011111010000010000001111101001000000101111100110100010111001000001011110010101111111010100001010010010110011111100100010111001010001101111111010010100011101010000101110111011011010011111111101000011011010100000011110111101110001111010011100110111000111
101110001100010011101010111110010011110011100000100101111010001111000110001100001001101100100100001101100101011010100000010010001110110011100101100011011000101010111110111000001111101111000101000100100011000101011100010111101111001001011001000110110010001111111100111111101100001110100010010000000110010
110010110001100110111111011011001010011011001010000111001011001100110101100000101101010101111001111110100111000011100001000110100001001000001000110101011110101001110101010110010111100110010100001111001011001001000001111111000110000101110110110110000001010110011101110001000101100000011111011010010001100
001011100011010101001111011010001010011011010110111111011010111011101100110111101110001001100010110010100100001001001111000000011001110100100010001010110101000101100100101110000011101010011001111100110010010100000100001001000000000001111101110010010011000111001110110011010100101101110100111101010001001
100110111111011010001001111011101011010000010110010110000011010101011100011101101101111011110111001101111110010101101110110110100101001011100111100101100001101101011101101000011100100101101010010111010110110111100111100000001001101101110010111111000000101011011110110111001110011000110101010000011010010
000011011110010001110010010111010010111101000100101101110101111011100110100110001100101101010111101101001100000101011110000110111101111110010001100100111111010110111011111110110100100110011111100010101111011000101001011001101100010010011110010001010111101110000011111000000110100110000110111101111011010
010100000001110001001000011001011110010111100010000000011010100001011010010000110010100110000111011001010100110001111001111011111010101001101000111010001101001111000000011110010011110110101011010011111101010000110101001001110100101001110111010111111100110111010010100101100110000010010101000101001010100
001010010010011100011011110111011111111000111000001001010101100010111100111010010001110101111101011011010111000100001000101101011110011100100100010111110110110001110101000101001010001001100000011011111110101000101111000100001000000111001110110000111101011000000110110101100010001001011011000111010011101
100001110000000110100101011100100111110001101010011101001100101000001100000010001111010101100001001100001100100101011011101111111000100010100111010111101111101001011111000011001010011011001001001110011001100110101101100110110010110001110110101000011100101001001100100001111110110001110101001111011100001
110101010011000000011100010011000000000101001100110101101010100101110111001100010011011111100101110010101111111011011110011100100001011010001000100011101100011010011101101000010101100100110000011110001011010111101111010111110100011000110101101011111011001110010000000101100010101001111101100011100010000
000001101100000000111111000100000111110101011000001110000111111011110110100100000001110001001111110010100111001111000011001011101000100111000110111100010000111110100100010101001101100101011011001011111001001001011010001001011001100000101000011000100010100000000001100101111110000001100101001011111011011
101101010001111110010011010010111011011101111100101010000000001111110010100010110010101100011000000111000111000110101100010111111000011111001101010111111001000110111100111110110100000100011110101001110110101100110011100001011001010000010100111001010010111000001000001111100000111100111111101001101011100
100111110100011011000111001010100001110000001001011010010010110000001110100101000001010101100110111110011001001001000011010101101000001111000111011100110101101000010010000110110110100101010110001011100010001111110110000111010111000110010101100111110111000010101001100001101110011001010101110011111111101
111010010111101110111001111100100111111010111011000010111101110000000110110010010011000110000001001111000001101011001001111101111010111100010010100110011000110000011101110101100000100011010101101000010111100110000100010000011101011111011101011000110001111101100000111100010011010110101101001101011111001
100110011110111001110001010011100011100100000001010100000101001010101011000010100010001101001110011100100110100010100011010011110011101111111010110000101000001111110010100100111110001100111101010101111111000011011101111000100000110110111000011011010101100110000110011000011111011000110111010000111001000
001011001001000010100101101110111010010111111111000110101001101110001011001001111001000100111010001101001101010110001101101000010101000010110001010110111000000011000010100110111010000101011011011010000000001011011111111000011011001010001110111101011011000100000101110111010101011010000010100000110001100
011110001000011001111000011110101100111101011101101111111110010000101000111110001001101111110110010111000101101101011010011111000111110100010010101110010110100001101000101100110111010111000110001000101011100111010000111110010101101111111000000111100011100101111111000001010111011100100001110000010011111
111100011101101000010100010001100110100011110000010100110110001100000100100000001001011000101000101000111101000000110110001010101011101011000100010000100100001011001000101000111101000101110011001101101010110001000111001011010110010110100100111000100010111100100001101011010110101100011100000000101001101
110101111110111000110101110010001011011011100010101110111011000001011100110001010010011000010100101000111011100001111000111101001101011010011110110011011101101101100000111101000100100000111010001100001110011100111001111101000011011100001100000001011100000011101111110010010110111100010101111101101000001
101010100111101101001110001011101100011110011011100011100101111100101100001111101001011100111000100111100000111101001110000001000101000110110100001110010011111100101001010000010010010000001000110010101101000110101000111001110111010111111000111001011111101011001111100001100100111011010010110101000100001
010001111000110111010011010101100010010000011101100011001011000000100110010111101100100100000100100111001110100110110000101011000111001010100110101000100100001110101011111010000110111100001110000000101000010101001011000101010011011110001001010110000011100110101000011010100001011001111011110010111100010
001111001000100100111100001000111111100110110000111101100100000011011101001100100010111001010000110111111011000101100010001100001110100100010100101011111000110001011000001111001101001111111011101010010011101001001101001100000000100000110100010110100110010111111110001100001011010010011101101001101101101
110111110101110111100000000011100010111101010000110111111100101011000010110101000000010101100110101100110001000110000010101110111000000111100100010010110010111000000101101000011101011001010000011011101101011010000000011111011000010111001000100011011000001001111111010011100100001001101101010011001111100
000001110100000000100110100110110111110010010001001100100000111111100111100001110101001011101000101001001001010001011110101001101011001110011100011010101001101001111000010110011010000011011110110100001001101110111101101010011010011111111011101110100110010010010111101000101000101101101000010001000010110
111110100011001010111100011111000100100001110011101100000110011001110101100111110100100110001010101000101011110100001011011101101111110110011100100110111100000010100101110110101011010101011001100101101100100011111111000100111111101101000100001101111111110111001110111100110010111111110001011000000101010
111010001110000101011101110100101001001011101100000110100010001101001011000110001100010111001100000010100001111100010110111011101010101001111010000010110110001101101101100000001111011001011110111001001101011101111111111001101111001000101111110101001010010101001001100011010001110110110011100010001011010
010000100010111110000011001100101010111010011011011100111110010011010011001101101100010110011101001100100000110110101001110100010101111000010001011101000011110000000000000001110000110011001001101101111001001100011101101011111111110100010010110111100000101011100011110101111100110001110110001101111101101
110000011001011100010100101110101000111011000011000000000100001100010000111000101111101011010100100010011111110001100100101001110011001100010001011100101100100101100010100100110110010111010010001110011000111100101111001101001111010111110000111111011101011001110010011000001011111110111010010100101011011
110110101100110100101111101111100110110000010101111011110011000110000101010011101010010100110000010001111111010011110001010100110101101001101011111111111000011011010110011101011110001100101101110011110001100000100101000011001000100101101101011110010101001001010111010111101010110111111110010001110111101
001101110110001001111010000011100111110000100101110010001111001000000111101111111010001101000011001111011000000101111111100001010111001001101001011101000000101000101110010110110011001010111110000000110001010000001101111110010010011000111101111101110001101010011011100000001010101110011000100100000111111
010111010001000100011010011111010110001110101001001001100001001101111011010100010101111101000100110001001001000111010010101101010110110011111111001110000000101010010000111001000101101010001111101010100011001010101111001011101111100001111000100001010111010110111011101101010000010101110001111100101101001
000100110101000100011000100001010101101110010100111000000010011101100010111011010110000000101101100100101000000010011000111001111011010000111110010100000011010010100101101011011101111001011111110010011010010110000111010110001001111001110001110010001111101101101111101100010001110111111010101010001110110
000010110110001010000010111111010010110111000101110011111010000111001010101011111111000001111110000110010000110010100010010010001011000100011010110101110010000101001100010001000100100001011011000000011101011101111101111101001101101011101011101001001110101111011001010111110101111100101010100000001010100
111000000110000110110011000100101001011110100101001001011101100110101100110110101111000100111110100010010111010100011000000011101010011111001100110100101000110010100010110000000001110000011101101111100111101011100011001111110011110001010000110101110011000001100010010000110010000111110101000000111011001
100000100100110011100000011010101101011001110011000000001101111101100101110111011000010011111110011000110111001011101010110000100001101001000101001000010101001000100111010000100010101001011100100101101100000001110000110110010010011011011010101101100100110110100111010000010101100000001101100000111011110
000111111001011011000111110100101100001010010011010000010000100011110101001001111100111101110000010011001011101011111101111001111011000110010011101111100000101100111001001000001010011111110110000111110110001101011101111100110101001100000001100010101001000001111111101001011011000001111011111000101100001
101011100100100011010101010101011010001100010011010010011110110011110011000001001100010111110000111001111101101100101100111010000111100100100111111001110111001011101010111001001100011000011001000100111111101001100000100001101010110011001011011010011001011111010100001001010010010111110110001111100101001
010110110011000110000011100111110000100100010010001010100001010010011111010001110111110110010110101000000110101000110111111000111100010010001000011101010100011010111000011111001000101100000001001001001111110011101010110111101101010100001000001111001011110001111100100110010110001001000111100101010001111
010010101011100101101111110111100011000111011010011000100001111111001001111110111101110110100100110010111100101100001011111110000100101101111101001001100110001101111011111111100100001010100100111011100101100001100101101011101110110001111010000111111101000001101100000011001000101111000001001000110110100
100101111111011100001100010101011000001100100101010010110100001111101011110001111001111001101101010000010010110101111100101001100010110010001110001101111000100010001101001001000000110110001011010011101010101110100001011100001101001111101000010101101111011110001010101100110001110010110010101011101101010
001110011101100010011101000000000000110000111011111000001001001101011100101100111100110001010101010001110001011011110000011000100001110010011100100100000000000001100111101101011000100111111011011010010110011100001101000101011011101000011001110000001001101101000000010011110010100000010101100101101000010
010011001100101010001100110110110000000001011100111100011010100101111010010011011100000011010111011100101101101111010110101011010111000001111110110001000100000011101011110101111110101101000101111101100011000111101111100010101000110111111010001010001001010000101001010001010011110110001101010101011101100
111101111101100001010000110110000100111111111100011101110011111110011111101110011010101001111110101110101000101100010110011110000111100111110100010011101010011010110000110111011001111110111000111100101011010111001100101000110010011010101110100110010101001000101111110011000111011101110000010010001000110
010111110010100101111110001010010110101100111110100111010101000110010011011010110011000101110010101100011010011101001111100001010010100111100010010101000010111111000011011100010111001100011100111101101110100010010001011111100111100101100111000101111000100100010001010000110001010001001010000010101101111
001100001101100010000001011000010111001111111110011010010011110000111110000011110011011100100001111101110010011100111100001010001100011100000100001100111111101101101110011111100001011111001100000001000001010111110011111010111100001010011011110110111111111101010110110101100101010011001011010100110111011
101100011001100111001111110111110000000000100110011011111110111001100101010001000000000010011111011010111000110011000111101111000010111110100001100010100101000000100010011111110110111011010000100111101111111100000101011101100010110000010111011010100001100110100001001001100110001010111100111110010010111
111000001011100010000001101001100001110101011101001101101010110101000011011011110101101000001011001001110101101101111101100000010000100001010110101110100001101110111011001110010110010010100001000011011001110110011010111010001101001100100011001101010100000011110110100101100001110000000010000001101101000
000100000100110011011101010111000000110000101010011001011101001101010010101010100010011100011101000101101101101111010011010110001111101111000000001100100011111000100100000110011001101110101010001011011000001000011100111001010111110011010001000111011010110101001001110010010100100000001100000010000001011
110010100111010110100010000001001010011001001101010000000010110111101110011010011101010000110110101101010011101110010001000110110011110100101011001101111111111011000011100110010011001110111001101010001001011100000100011010101001100001110010010111101010111100111011111010001111001100100001111001011101001
011111101010001001110000000001011001100001011110111110111000001111100000111110111110001010011011001101000100111111111001000011010110111001001011010101111011101011001100110110000010110100100111000101010001110001100001111010111000010010001001101010000100100010101001111011101111001110110101010110110011100
010100100101100111100100111110000100111110101011000011001010101011001001010100010101100000110111101011000100010101111111010111100001110010010011101110100100000110001110100100111101011110011011100001110101001010001111101011010111100011111010001001101110101011001000011111100111010001011101101101111000010
001111000011001110000000100110011110100111100111111101101001000001001010101110101101010110000111010111110011001000011011010110100000100010111011111100011101110110010000011010101101110110010000001001110110010010110111111110111010110010111001000001001110000111111011110111011011101001100011100110001100110
011010110010111000101111000110010101100001100001011010101011011101110010001110101100000101101111101011111011001101110000100000011111111011100110001111100111011001111101010010100100001001101100110011011111100100101000110011000000111100101101001100111011100011001011100110000001011101000100100101011010011
001101110100101100011110110010011101111101000100011010111100011110100101001010111011111101001001001110100001111101111010110001000000001110110011110110010111000100101110101111111000100101111011000001001010011101101101111100100000100011010110000110111100001001010000111011111110100101001001001111010001110
111100000011010110101111011011101001101111011101000100011010100011000000101010111101000110010011101101110101100011100100110000000001100101100010101011101110001010010010111000001000111010101000001101111101101111111000001110110010101101010010011100111100001100000010001100101000000111011011001101111100001
010010011001110111110101010000011011100000011101011001100101111111000000010101100100110110110010111110000000111010111001011011101000110001001111100011110001110101101100100111001011100001011000000000101001110111000111111001100110011111010111110000111110110111001110000101001010110110011001100100011011010
000101001101010111011110011100010101001110101100111101111100101001010101101100111000010010000011010111110000000010000010000111001111010011011101001111110001110111010110011000100101110001000000001000001111101110000101101000111001010001010110101001001000100100000100001001000100001100100010010011101010111
110100100011100111011011010110100111001011010101110011000111110101010011011111110111000110010010110100010010001001000011100000111100011110010110101011001111111010110010110010111010010100011100000010000100010011011101011111100111111001101111101111101011100100010101101011101110111101010101010000111010011
100001001011010010110111111110101000110101111111100011110000010111001100101001000000000100100100111001000111111010011000100001100111000000101010000111100011011011001011010001010011100000110011010001100001000011110100001011000010010111101011010000111011000010010011000001010011111011101110010000101100011
110010000011010100100010101111100011101001100111110111100101111010110000010111111011000100111000110010011000010100100111011111001010111111110010110001010011000010000010011001001110110011010101011011011000110001010000100001011101000011111111001100011001110011111011010111000100110110101101100010110001011
101110011011111100111110000101010100010001110100111001110000011011011001011100011101110001111111000100011111101101011000110010001010001011011010010010001000010101100010101011100010001001110010101100111000000111111100011010110001010110000001111110010011110000000100001111010100101000010111000011010101001
100000011000001111110010000001110011011011000001010110110101001110000010011101010001101000001101000101100101110011011111010001101100000111011000100010010011011101110011110011100111101111011100110100110010101101101001000101100000001000010111111000001101110111010000001000010111001110110000101100100010001
111000110000110100011111010101010111011110000010100111101010110011111100110001000101110101111101010101101100010001011011100101010111000000111011101011111011101100001100101001110011110010011000011101100100111100101000101001111011001110100011101011101110110110011111110110100111101001001011110000101110011
010000001101000100101011011111100110111011001110000011000010111111011101111100000000111001111110110110010111101011111101100000111001001011001001010100101001101011001000101100110011110110011110001001110100110000111001000010110111011010010010111111101010001101011100000101010110000011101011110100100000011
100101100000001100010101010001100101000101000010001111010011001000110011101010001100111010000101101001011000011000101110111101011001101101011011111000100011110011001110101000000110100111100010010000100001001010101001011010110111110010111011110000110011011111010100111111001110010111011111001010101110010
010000001111000011001100001111001110000001110011100000100001001101001001010000001110010011100110100011010000000011001010111010000010011000011010110101011011110111010111111101101110111000010101100011111000111011010011011101010000111001100000010100011110101011100001000101010001001010001000111000111111011
101010100001101000110110001000100100011001111100101110001110011111101100001100111110011101111111100000010110000011101100001000110101101000011001010011010101001001111100110111110011110100001111001111000010000000011101111001110111001011010111101100000100001100010011101011001001100110101111010111101101110
100000000010000001011101010111110101010001001101101101110001100001010110100011011100110010111101110111101111110010101110001110100110000010100101011100011101011000100110010010101101100011010111111110011000110100001000010001111000010011011010001011000011000010011111001001101010011100110011011011000111010
001010110111111010011011001100101110100001010011011011001011110101000010000111000011111111011011011111011101100111101000000110001101011110111010011111001011101010111110001111110100100010001110000100110100100110110000000010101001011001100010111001010110001100010100101000100001101110010100110100101001111
110000010000110111000010100110111010100000100000011000100011011101111110111000000101011010000010011101100100111001011010101110011101111010010100001011111011000001101111100000011001001011101000111011001010101011000111000110100100010111110101010011000110001011010001011011000110000010001111010101111011000
010001000100001101101101111101010100110010110000101101100101101010100000011011101010010111111000111001101001100011101100001001010011100000111101100001100000001000111101001101100110011011100011101011100000001001010011010111111001001000010010001100000011111000111101101011111111000010101011010000100000110
